4
1
0.55
0.60
15 179 65 83 0 1 3 26 0 0 1 账号
242 499 65 81 0 1 3 25 0 0 0 账户名称
831 1086 68 87 0 1 3 25 0 0 0 开户行
1215 1488 70 88 0 1 3 28 0 0 0 起始日期
0 81 86 101 0 1 3 0 0 0 0 Account_No.
226 320 86 101 0 1 3 0 0 0 0 Account_Name
815 883 88 101 0 1 3 0 0 0 0 Bank_Name
1214 1458 90 106 0 1 3 0 0 0 0 From(YYYYMMDD)
18 171 103 121 0 1 3 25 0 0 0 币种
241 531 104 121 0 1 3 25 0 0 0 账户类型
831 980 107 123 0 1 3 27 0 0 0 承前页余额
1231 1455 108 123 0 1 3 29 0 0 0 截止日期
-3 62 124 143 0 1 3 0 0 0 0 Currency
225 320 126 141 0 1 3 0 0 0 0 Account_Type
813 979 126 141 0 1 3 0 0 0 0 Previous_Page_Balance
1213 1489 129 144 0 1 3 0 0 0 0 To(YYYYMMDD)_Reconciliantion
